    1.0000E-11   0.00000E+00 0.0000
    4.0000E-09   0.00000E+00 0.0000
    1.0000E-08   0.00000E+00 0.0000
    2.5300E-08   0.00000E+00 0.0000
    4.0000E-08   0.00000E+00 0.0000
    5.0000E-08   0.00000E+00 0.0000
    6.0000E-08   0.00000E+00 0.0000
    8.0000E-08   1.16231E-08 1.0000
    1.0000E-07   0.00000E+00 0.0000
    1.5000E-07   0.00000E+00 0.0000
    2.0000E-07   3.10729E-08 1.0000
    2.5000E-07   6.24305E-08 0.6172
    3.2500E-07   1.92916E-07 0.6861
    3.5000E-07   4.20443E-08 1.0000
    3.7500E-07   1.08556E-07 0.8278
    4.5000E-07   2.19105E-07 0.5848
    6.2500E-07   4.29803E-07 0.3223
    1.0100E-06   1.39980E-06 0.2264
    1.0800E-06   3.17338E-07 0.4288
    1.1300E-06   1.84836E-07 0.4079
    5.0000E-06   1.70325E-05 0.0819
    6.2500E-06   4.96296E-06 0.1242
    6.5000E-06   1.11265E-06 0.2503
    6.8800E-06   1.17052E-06 0.2055
    7.0000E-06   2.90918E-07 0.3023
    2.0500E-05   4.54810E-05 0.0466
    2.1200E-05   3.08839E-06 0.2108
    2.1800E-05   1.49431E-06 0.1919
    3.6000E-05   3.35099E-05 0.0548
    3.7100E-05   2.61812E-06 0.1818
    6.5000E-05   5.19124E-05 0.0425
    6.7500E-05   4.12394E-06 0.1374
    1.0100E-04   3.82352E-05 0.0507
    1.0500E-04   4.02885E-06 0.1566
    1.1600E-04   1.64769E-05 0.1111
    1.1800E-04   1.82719E-06 0.1881
    1.8800E-04   5.41160E-05 0.0550
    1.9200E-04   5.18575E-07 0.2604
    2.2500E-03   3.68894E-04 0.0159
    3.7400E-03   8.93110E-05 0.0295
    1.7000E-02   3.04671E-04 0.0156
    2.0000E-02   3.36299E-05 0.0467
    5.0000E-02   2.75577E-04 0.0187
    2.0000E-01   1.00166E-03 0.0094
    2.7000E-01   5.58766E-04 0.0141
    3.3000E-01   5.50683E-04 0.0152
    4.7000E-01   1.86627E-03 0.0096
    6.0000E-01   1.75831E-03 0.0090
    7.5000E-01   2.18052E-03 0.0082
    8.6100E-01   1.76261E-03 0.0097
    1.2000E+00   5.02800E-03 0.0058
    1.5000E+00   4.33981E-03 0.0062
    1.8500E+00   4.46965E-03 0.0060
    3.0000E+00   8.71590E-03 0.0040
    4.3000E+00   4.63128E-03 0.0055
    6.4300E+00   3.81259E-03 0.0066
    2.0000E+01   1.85427E-03 0.0093
