    1.0000E-11   0.00000E+00 0.0000
    1.5000E-08   1.04659E-10 0.6963
    3.0000E-08   4.54986E-10 0.3130
    5.0000E-08   7.77498E-10 0.2604
    8.0000E-08   1.65486E-09 0.1733
    1.0000E-07   1.39604E-09 0.1580
    1.4000E-07   3.58806E-09 0.0902
    1.8000E-07   3.32434E-09 0.0853
    2.5000E-07   7.13361E-09 0.0681
    3.2000E-07   8.40392E-09 0.0526
    4.0000E-07   1.05332E-08 0.0474
    6.2500E-07   3.34247E-08 0.0246
    8.5000E-07   3.46574E-08 0.0240
    9.5000E-07   1.62721E-08 0.0326
    9.7200E-07   3.41936E-09 0.0614
    1.0200E-06   7.81183E-09 0.0460
    1.0970E-06   1.22996E-08 0.0352
    1.1500E-06   8.06317E-09 0.0434
    1.3000E-06   2.38971E-08 0.0258
    2.1000E-06   1.38818E-07 0.0113
    2.6000E-06   9.01279E-08 0.0139
    3.3000E-06   1.22695E-07 0.0117
    4.0000E-06   1.21120E-07 0.0115
    9.8770E-06   9.24260E-07 0.0044
    1.5968E-05   8.08755E-07 0.0046
    4.8052E-05   3.01453E-06 0.0025
    1.4873E-04   5.47835E-06 0.0029
    9.1180E-03   2.86020E-05 0.0013
    4.0850E-02   1.63643E-05 0.0010
    5.0000E-01   1.15558E-04 0.0004
    1.3530E+00   1.60076E-04 0.0005
    3.6790E+00   3.00724E-04 0.0006
    1.0000E+01   7.20947E-04 0.0005
