    1.0000E-11   0.00000E+00 0.0000
    1.5000E-08   8.28195E-09 0.0127
    3.0000E-08   1.77178E-08 0.0092
    5.0000E-08   2.62871E-08 0.0077
    8.0000E-08   3.00810E-08 0.0081
    1.0000E-07   1.34074E-08 0.0116
    1.4000E-07   1.49232E-08 0.0087
    1.8000E-07   8.01918E-09 0.0108
    2.5000E-07   8.12490E-09 0.0112
    3.2000E-07   5.49078E-09 0.0142
    4.0000E-07   5.00301E-09 0.0147
    6.2500E-07   1.03756E-08 0.0084
    8.5000E-07   7.27583E-09 0.0102
    9.5000E-07   2.68843E-09 0.0159
    9.7200E-07   5.39171E-10 0.0315
    1.0200E-06   1.18306E-09 0.0221
    1.0970E-06   1.82534E-09 0.0192
    1.1500E-06   1.14438E-09 0.0218
    1.3000E-06   3.02915E-09 0.0134
    2.1000E-06   1.24232E-08 0.0064
    2.6000E-06   5.75882E-09 0.0087
    3.3000E-06   6.62667E-09 0.0078
    4.0000E-06   5.45330E-09 0.0084
    9.8770E-06   2.82639E-08 0.0033
    1.5968E-05   1.74396E-08 0.0038
    4.8052E-05   4.74600E-08 0.0021
    1.4873E-04   5.97364E-08 0.0016
    9.1180E-03   2.87768E-07 0.0006
    4.0850E-02   1.32261E-07 0.0008
    5.0000E-01   4.25602E-07 0.0005
    1.3530E+00   4.18018E-07 0.0005
    3.6790E+00   5.27091E-07 0.0005
    1.0000E+01   2.41932E-07 0.0006
